          38
          37
          99
          99
  -668760030
        1040
          50
           8
           5
           6
           7
          34
           3
           1
-1
-1
63
32 0 0 0
33 0 0 35
34 0 0 36
35 0 0 0
36 0 0 0
37 0 0 10
38 0 0 11
39 0 0 0
40 0 0 15
41 0 0 17
42 0 0 19
43 0 0 21
44 0 0 23
45 0 1 25
46 0 2 28
47 0 0 30
48 0 0 0
49 0 0 0
50 0 0 0
51 0 0 0
52 0 0 0
53 0 0 0
54 0 0 0
55 0 0 0
56 0 0 0
57 0 0 0
58 0 4 18
59 0 0 20
60 0 8 0
61 0 0 0
62 0 9 0
63 0 0 0
64 0 0 0
65 0 0 0
66 0 0 0
67 0 0 0
68 0 0 0
69 0 0 0
70 0 0 0
71 0 0 0
72 0 0 0
73 0 0 0
74 0 0 0
75 0 0 0
76 0 0 0
77 0 0 0
78 0 0 0
79 0 0 0
80 0 0 0
81 0 0 0
82 0 0 0
83 0 0 0
84 0 0 0
85 0 0 0
86 0 0 0
87 0 0 0
88 0 0 0
89 0 0 0
90 0 0 0
91 0 0 0
92 0 0 0
93 0 0 0
94 0 0 0
95 0 10 0
96 0 0 0
97 0 0 0
98 0 0 0
99 0 0 0
100 0 39 0
101 0 0 0
102 0 0 0
103 0 0 0
104 0 0 0
105 0 41 0
106 0 0 0
107 0 0 0
108 0 0 0
109 0 0 0
110 0 0 0
111 0 42 0
112 0 0 0
113 0 0 0
114 0 0 0
115 0 0 0
116 0 46 0
117 0 0 0
118 0 49 0
119 0 0 0
120 0 0 0
121 0 0 0
122 0 0 0
123 0 0 13
124 0 0 0
125 0 0 16
126 0 0 0
32 0 0 0
45 0 0 3
46 0 3 0
46 0 0 14
58 5 7 22
60 6 0 27
61 0 0 29
60 0 0 32
60 0 0 2
62 0 0 9
69 11 29 0
78 12 25 0
75 13 20 0
83 0 14 0
84 0 15 0
82 0 16 0
73 0 17 0
78 0 18 0
71 0 19 0
95 0 0 0
79 0 21 0
78 0 22 0
83 0 23 0
84 0 24 0
95 0 0 0
65 0 26 0
77 0 27 0
69 0 28 0
95 0 0 0
77 30 35 0
82 0 31 0
82 0 32 0
79 0 33 0
82 0 34 0
95 0 0 0
80 0 36 0
84 0 37 0
89 0 38 0
95 0 0 0
101 0 40 0
102 0 0 26
110 0 0 12
117 43 45 0
98 0 44 0
106 0 0 33
116 0 0 24
104 0 47 0
105 0 48 0
115 0 0 31
97 0 50 0
114 0 0 34
0 822 1 0 0
0 822 1 0 1
0 819 1 0 1
0 816 1 0 1
0 813 1 0 1
0 810 1 0 1
0 807 1 0 1
0 804 1 0 1
0 801 1 0 1
0 797 1 0 1
0 794 1 0 1
0 791 1 0 1
0 786 1 0 1
0 730 1 0 1
0 704 1 0 1
0 701 1 0 1
0 697 1 0 1
0 693 1 0 1
0 689 1 0 1
0 685 1 0 1
0 681 1 0 1
0 677 1 0 1
0 670 1 0 1
0 661 1 0 1
0 658 1 0 1
0 655 1 0 1
0 651 1 0 1
0 647 1 0 1
0 644 1 0 1
0 639 1 0 1
0 634 1 0 1
0 629 1 0 1
0 626 1 0 1
0 620 1 0 1
0 614 1 0 1
0 608 1 0 1
0 604 1 0 1
0 600 1 0 1
0 592 1 0 1
0 579 1 0 1
0 575 1 0 1
0 567 1 0 1
0 563 1 0 1
0 557 1 0 1
0 547 1 0 1
0 543 1 0 1
0 540 1 0 1
0 536 1 0 1
0 532 1 0 1
0 529 1 0 1
0 524 1 0 1
0 520 1 0 1
0 508 1 0 1
0 127 1 0 1
0 120 1 0 1
0 113 1 0 1
0 93 1 0 1
0 88 1 0 1
0 83 1 0 1
0 78 1 0 1
0 73 1 0 1
0 68 1 0 1
0 63 1 0 1
64 66 1 99 2
0 65 1 11 0
0 1034 3 0 99
0 67 1 1 3
0 0 0 2 0
69 71 1 98 4
0 70 1 35 0
0 1032 3 0 98
0 72 1 1 3
0 0 0 2 0
74 76 1 97 5
0 75 1 30 0
0 1030 3 0 97
0 77 1 1 3
0 0 0 2 0
79 81 1 96 6
0 80 1 19 0
0 1028 3 0 96
0 82 1 1 3
0 0 0 2 0
84 86 1 95 7
0 85 1 25 0
0 1026 3 0 95
0 87 1 1 3
0 0 0 2 0
89 91 1 94 8
0 90 1 21 0
0 1024 3 0 94
0 92 1 1 3
0 0 0 2 0
94 111 1 93 9
95 110 1 94 0
96 109 1 95 0
97 108 1 96 0
98 107 1 97 0
99 106 1 98 0
100 105 1 99 0
101 90 1 21 0
102 85 1 25 0
103 80 1 19 0
104 75 1 30 0
64 70 1 35 0
0 1020 3 0 93
0 1020 3 0 92
0 1020 3 0 91
0 1020 3 0 90
0 1020 3 0 89
0 1020 3 0 88
0 112 1 1 3
0 0 0 2 0
114 118 1 92 10
115 117 1 42 0
0 116 1 7 0
0 838 3 0 6
0 1018 3 0 87
0 119 1 1 3
0 0 0 2 0
121 125 1 91 11
122 124 1 41 0
0 123 1 6 0
0 836 3 0 5
0 1016 3 0 86
0 126 1 1 3
0 0 0 2 0
128 506 2 90 0
129 486 2 86 0
130 353 2 52 0
131 343 2 75 0
132 342 2 76 0
133 341 2 77 0
134 340 2 78 0
135 297 2 48 0
136 296 2 89 0
137 295 2 88 0
138 294 2 15 0
139 293 2 91 0
140 292 2 92 0
141 241 2 79 0
142 240 2 80 0
143 239 2 81 0
144 238 2 82 0
145 237 2 45 0
146 124 2 41 0
147 117 2 42 0
148 263 2 69 0
149 224 2 31 0
150 158 2 46 0
151 123 2 6 0
152 116 2 7 0
153 157 2 39 0
154 864 6 13 11
155 156 2 5 0
0 1014 6 0 84
0 832 3 0 3
0 958 3 0 58
0 159 1 13 12
160 501 2 47 0
161 500 2 49 0
162 499 2 50 0
163 498 2 51 0
164 497 2 52 0
165 496 2 53 0
166 495 2 54 0
167 494 2 55 0
168 493 2 56 0
169 492 2 57 0
170 491 2 58 0
171 490 2 59 0
172 489 2 60 0
173 343 2 75 0
174 342 2 76 0
175 341 2 77 0
176 340 2 78 0
177 484 2 10 0
178 481 2 2 0
179 480 2 14 0
180 471 2 12 0
181 467 2 24 0
182 466 2 61 0
183 465 2 67 0
184 464 2 68 0
185 463 2 70 0
186 462 2 71 0
187 461 2 72 0
188 297 2 48 0
189 296 2 89 0
190 295 2 88 0
191 294 2 15 0
192 293 2 91 0
193 292 2 92 0
194 460 2 63 0
195 459 2 64 0
196 453 2 69 0
197 401 2 62 0
198 242 2 26 0
199 241 2 79 0
200 240 2 80 0
201 239 2 81 0
202 238 2 82 0
203 237 2 45 0
204 124 2 41 0
205 117 2 42 0
206 157 2 39 0
207 230 2 66 0
208 929 6 18 49
209 929 6 27 49
210 224 2 31 0
211 158 2 46 0
212 123 2 6 0
213 116 2 7 0
214 220 2 5 0
215 219 2 43 0
216 864 6 13 11
217 218 2 40 0
0 891 6 0 19
0 840 3 0 7
0 952 3 0 54
221 235 4 18 4
222 235 4 23 4
223 235 4 27 4
0 156 4 0 3
0 225 1 15 13
226 228 1 69 14
227 157 1 39 0
0 156 1 5 0
0 229 1 17 15
0 997 3 3 73
231 232 2 23 0
0 1036 4 0 48
233 236 1 43 16
234 218 1 40 0
0 235 1 5 0
0 834 3 0 4
0 952 3 2 55
0 1010 3 0 82
0 868 3 0 18
0 868 3 0 17
0 868 3 0 16
0 868 3 0 15
243 248 2 62 0
244 230 2 66 0
245 219 2 43 0
246 218 2 40 0
247 235 2 5 0
0 929 6 0 49
249 381 1 18 17
0 250 1 27 0
251 380 2 65 0
252 379 2 45 0
253 362 2 48 0
254 158 2 46 0
255 241 2 79 0
256 240 2 80 0
257 239 2 81 0
258 238 2 82 0
259 263 2 69 0
260 224 2 31 0
261 157 2 39 0
262 156 2 5 0
0 864 6 0 11
264 361 2 83 0
265 360 2 84 0
266 359 2 85 0
267 268 2 15 0
0 999 6 0 74
269 354 2 86 0
270 353 2 52 0
271 343 2 75 0
272 342 2 76 0
273 341 2 77 0
274 340 2 78 0
275 297 2 48 0
276 296 2 89 0
277 295 2 88 0
278 294 2 15 0
279 293 2 91 0
280 292 2 92 0
281 241 2 79 0
282 240 2 80 0
283 239 2 81 0
284 238 2 82 0
285 237 2 45 0
286 124 2 41 0
287 117 2 42 0
288 263 2 69 0
289 224 2 31 0
290 158 2 46 0
291 123 2 6 0
260 116 2 7 0
0 988 3 0 69
0 988 3 0 68
270 351 2 52 0
0 984 3 0 66
0 984 3 0 65
298 349 2 29 0
299 346 2 28 0
300 316 2 87 0
301 1038 4 13 12
302 315 2 93 0
303 110 2 94 0
304 109 2 95 0
305 108 2 96 0
306 107 2 97 0
307 106 2 98 0
308 105 2 99 0
309 90 2 21 0
310 85 2 25 0
311 80 2 19 0
312 75 2 30 0
313 70 2 35 0
314 65 2 11 0
0 1037 4 0 83
0 1008 3 0 80
317 345 2 52 0
318 344 2 93 0
319 343 2 75 0
320 342 2 76 0
321 341 2 77 0
322 340 2 78 0
323 110 2 94 0
324 109 2 95 0
325 108 2 96 0
326 107 2 97 0
327 106 2 98 0
328 105 2 99 0
329 297 2 48 0
330 296 2 89 0
331 295 2 88 0
332 294 2 15 0
333 293 2 91 0
334 292 2 92 0
335 90 2 21 0
336 85 2 25 0
337 80 2 19 0
338 75 2 30 0
339 70 2 35 0
280 65 2 11 0
0 898 3 0 34
0 898 3 0 33
0 898 3 0 32
0 898 3 0 31
0 1008 3 1 81
0 995 3 2 72
347 348 1 79 18
226 263 1 69 0
0 993 3 2 71
270 350 2 52 0
0 982 3 2 64
0 352 1 17 15
0 986 3 2 67
0 1005 3 0 78
355 358 1 17 19
0 356 1 23 0
270 357 2 52 0
0 1005 3 2 79
0 1003 3 2 77
0 1001 3 0 76
0 999 3 0 75
0 990 3 1 70
363 1038 4 13 12
364 346 2 28 0
365 316 2 87 0
366 315 2 93 0
367 110 2 94 0
368 109 2 95 0
369 108 2 96 0
370 107 2 97 0
371 106 2 98 0
372 105 2 99 0
373 90 2 21 0
374 85 2 25 0
375 80 2 19 0
376 75 2 30 0
377 70 2 35 0
378 65 2 11 0
0 1039 4 0 53
0 946 3 0 52
0 944 3 3 51
382 400 2 45 0
383 158 2 46 0
254 384 2 48 0
385 346 2 28 0
386 316 2 87 0
387 315 2 93 0
388 110 2 94 0
389 109 2 95 0
390 108 2 96 0
391 107 2 97 0
392 106 2 98 0
393 105 2 99 0
394 90 2 21 0
395 85 2 25 0
396 80 2 19 0
397 75 2 30 0
398 70 2 35 0
399 65 2 11 0
0 1038 4 0 12
0 976 3 3 61
402 414 1 18 17
0 403 1 27 0
404 413 2 44 0
405 412 2 73 0
406 411 2 74 0
407 410 2 65 0
251 408 2 34 0
251 409 2 65 0
0 980 3 1 63
0 978 3 0 62
0 844 3 0 9
0 844 3 0 8
0 942 3 2 50
415 452 2 44 0
416 451 2 52 0
417 412 2 73 0
418 411 2 74 0
419 343 2 75 0
420 342 2 76 0
421 341 2 77 0
422 340 2 78 0
423 410 2 65 0
424 408 2 34 0
425 444 2 48 0
426 296 2 89 0
427 295 2 88 0
428 294 2 15 0
429 293 2 91 0
430 292 2 92 0
431 440 2 45 0
432 241 2 79 0
433 240 2 80 0
434 239 2 81 0
435 238 2 82 0
436 124 2 41 0
437 117 2 42 0
438 158 2 46 0
439 263 2 69 0
290 224 2 31 0
441 237 4 1 82
442 237 4 16 82
443 237 4 20 82
0 379 4 0 52
445 349 2 29 0
446 1037 4 1 83
447 1037 4 16 83
448 1037 4 20 83
449 346 2 28 0
450 316 2 87 0
365 1038 4 13 12
0 974 3 2 60
0 972 3 2 59
454 457 2 32 0
263 455 2 22 0
251 456 2 65 0
0 956 3 2 57
251 458 2 65 0
0 954 3 2 56
0 926 3 0 47
0 926 3 0 46
0 924 3 0 45
0 924 3 0 44
0 924 3 0 43
0 922 3 0 42
0 922 3 0 41
0 920 3 0 40
243 468 2 62 0
0 469 1 18 20
404 470 2 44 0
0 918 3 3 39
472 479 2 61 0
473 460 2 63 0
474 459 2 64 0
475 478 2 62 0
243 476 2 26 0
243 477 2 62 0
0 250 1 27 21
0 403 1 27 21
0 916 3 1 38
0 914 3 0 37
226 482 1 69 14
0 483 1 9 22
0 912 3 2 36
226 485 1 69 14
128 488 2 90 0
487 356 2 23 0
0 1040 4 0 85
0 910 3 2 35
0 896 3 0 30
0 896 3 0 29
0 896 3 0 28
0 896 3 0 27
0 896 3 0 26
0 894 3 0 25
0 894 3 0 24
0 894 3 0 23
0 894 3 0 22
0 894 3 0 21
0 891 3 0 20
0 866 3 0 13
502 505 1 16 23
0 503 1 20 0
161 504 2 49 0
0 866 3 2 14
0 849 3 3 10
0 507 1 1 3
0 0 0 2 0
509 518 1 89 24
510 516 1 48 0
511 241 1 79 0
512 240 1 80 0
513 239 1 81 0
514 238 1 82 0
515 263 1 69 0
226 224 1 31 0
517 346 2 28 0
301 316 2 87 0
0 519 1 1 3
0 0 0 2 0
521 522 2 88 0
382 237 2 45 0
0 523 1 1 3
0 0 0 2 0
525 526 1 87 25
94 315 1 93 0
527 528 1 1 26
94 344 1 93 0
0 0 0 2 0
269 530 2 86 0
355 531 1 1 27
0 0 0 2 0
533 534 1 85 28
0 268 1 15 0
0 535 1 1 3
0 0 0 2 0
537 538 1 84 29
533 359 1 85 0
0 539 1 1 3
0 0 0 2 0
264 541 2 83 0
0 542 1 1 3
0 0 0 2 0
544 545 1 82 30
0 224 1 31 0
0 546 1 1 3
0 0 0 2 0
548 554 1 81 31
549 551 1 48 0
550 241 1 79 0
513 240 1 80 0
552 316 1 87 32
553 346 1 28 0
94 315 1 93 0
555 556 2 1 0
0 239 4 0 17
0 0 0 2 0
558 560 1 80 31
559 551 1 48 0
512 241 1 79 0
561 562 2 1 0
0 240 4 0 16
0 0 0 2 0
564 565 1 79 18
226 263 1 69 0
0 566 1 1 3
0 0 0 2 0
568 573 1 78 33
569 293 1 91 0
570 292 1 92 0
571 124 1 41 0
572 117 1 42 0
115 123 1 6 0
0 574 1 1 3
0 0 0 2 0
576 577 1 77 34
0 294 1 15 0
0 578 1 1 3
0 0 0 2 0
580 590 2 76 0
581 296 2 89 0
582 295 2 88 0
583 589 2 48 0
584 237 2 45 0
585 241 2 79 0
586 240 2 80 0
587 239 2 81 0
588 238 2 82 0
258 158 2 46 0
299 346 2 28 0
0 591 1 1 3
0 0 0 2 0
593 598 1 75 35
510 594 1 48 0
595 349 1 29 36
596 346 1 28 0
597 316 1 87 0
94 315 1 93 0
0 599 1 1 3
0 0 0 2 0
601 602 1 74 37
0 408 1 34 0
0 603 1 1 3
0 0 0 2 0
605 606 2 73 0
251 410 2 65 0
0 607 1 1 3
0 0 0 2 0
609 612 1 72 38
0 610 1 26 0
243 611 2 62 0
0 381 1 18 20
0 613 1 1 3
0 0 0 2 0
615 618 2 71 0
243 616 2 62 0
0 617 1 18 20
270 451 2 52 0
0 619 1 1 3
0 0 0 2 0
621 624 2 70 0
243 622 2 62 0
0 623 1 18 20
404 452 2 44 0
0 625 1 1 3
0 0 0 2 0
226 627 1 69 14
0 628 1 1 3
0 0 0 2 0
630 632 1 68 39
226 631 1 69 0
0 455 1 22 40
0 633 1 1 3
0 0 0 2 0
635 637 1 67 41
226 636 1 69 0
0 457 1 32 42
0 638 1 1 3
0 0 0 2 0
640 641 1 66 43
233 219 1 43 0
642 643 1 1 27
0 232 1 23 0
0 0 0 2 0
251 645 2 65 0
0 646 1 1 3
0 0 0 2 0
648 649 1 64 44
0 476 1 26 0
0 650 1 1 3
0 0 0 2 0
652 653 2 63 0
243 478 2 62 0
0 654 1 1 3
0 0 0 2 0
243 656 2 62 0
0 657 1 1 3
0 0 0 2 0
472 659 2 61 0
0 660 1 1 3
0 0 0 2 0
662 668 2 60 0
663 463 2 70 0
664 462 2 71 0
665 461 2 72 0
666 667 2 62 0
243 610 2 26 0
0 414 1 18 20
0 669 1 1 3
0 0 0 2 0
671 675 1 59 45
672 465 1 67 0
673 464 1 68 0
226 674 1 69 0
631 457 1 32 46
0 676 1 1 3
0 0 0 2 0
678 679 2 58 0
472 466 2 61 0
0 680 1 1 3
0 0 0 2 0
682 683 1 57 47
0 467 1 24 0
0 684 1 1 3
0 0 0 2 0
686 687 1 56 48
0 471 1 12 0
0 688 1 1 3
0 0 0 2 0
690 691 1 55 49
0 480 1 14 0
0 692 1 1 3
0 0 0 2 0
694 695 1 54 50
0 481 1 2 0
0 696 1 1 3
0 0 0 2 0
698 699 1 53 51
0 484 1 10 0
0 700 1 1 3
0 0 0 2 0
270 702 2 52 0
0 703 1 1 3
0 0 0 2 0
705 728 2 51 0
706 493 2 56 0
707 492 2 57 0
708 491 2 58 0
709 490 2 59 0
710 489 2 60 0
711 471 2 12 0
712 467 2 24 0
713 466 2 61 0
714 465 2 67 0
715 464 2 68 0
716 463 2 70 0
717 462 2 71 0
718 461 2 72 0
719 460 2 63 0
720 459 2 64 0
721 674 2 69 0
722 401 2 62 0
723 242 2 26 0
724 157 2 39 0
725 230 2 66 0
726 220 2 5 0
727 219 2 43 0
247 218 2 40 0
0 729 1 1 3
0 0 0 2 0
731 784 2 50 0
732 498 2 51 0
733 497 2 52 0
734 496 2 53 0
735 495 2 54 0
736 494 2 55 0
737 493 2 56 0
738 492 2 57 0
739 491 2 58 0
740 490 2 59 0
741 489 2 60 0
742 343 2 75 0
743 342 2 76 0
744 341 2 77 0
745 340 2 78 0
746 484 2 10 0
747 481 2 2 0
748 480 2 14 0
749 471 2 12 0
750 467 2 24 0
751 466 2 61 0
752 465 2 67 0
753 464 2 68 0
754 463 2 70 0
755 462 2 71 0
756 461 2 72 0
757 297 2 48 0
758 296 2 89 0
759 295 2 88 0
760 294 2 15 0
761 293 2 91 0
762 292 2 92 0
763 460 2 63 0
764 459 2 64 0
765 453 2 69 0
766 401 2 62 0
767 242 2 26 0
768 241 2 79 0
769 240 2 80 0
770 239 2 81 0
771 238 2 82 0
772 237 2 45 0
773 124 2 41 0
774 117 2 42 0
775 157 2 39 0
776 230 2 66 0
777 224 2 31 0
778 158 2 46 0
779 123 2 6 0
780 116 2 7 0
781 220 2 5 0
782 219 2 43 0
783 864 6 13 11
247 218 2 40 0
0 785 1 1 3
0 0 0 2 0
787 789 2 49 0
788 891 6 1 19
731 499 2 50 0
0 790 1 1 3
0 0 0 2 0
510 792 1 48 31
595 793 1 1 52
0 0 0 2 0
160 795 2 47 0
502 796 1 1 53
0 0 0 2 0
798 799 2 46 0
254 384 2 48 0
0 800 1 1 3
0 0 0 2 0
382 802 2 45 0
0 803 1 1 3
0 0 0 2 0
404 805 2 44 0
0 806 1 1 3
0 0 0 2 0
233 808 1 43 16
0 809 1 1 3
0 0 0 2 0
115 811 1 42 54
0 812 1 1 3
0 0 0 2 0
122 814 1 41 55
0 815 1 1 3
0 0 0 2 0
234 817 1 40 56
0 818 1 1 3
0 0 0 2 0
227 820 1 39 57
0 821 1 1 3
0 0 0 2 0
823 830 1 38 58
824 829 1 8 0
233 825 1 43 0
0 826 1 18 20
0 827 1 33 59
404 828 2 44 0
0 830 3 3 2
0 830 3 0 1
0 831 1 1 3
0 0 0 2 0
833 820 5 819
0 157 5 0
835 817 5 816
0 218 5 0
837 814 5 813
0 124 5 0
839 811 5 810
0 117 5 0
841 236 5 232
842 808 5 807
843 825 5 822
0 219 5 0
845 413 5 403
846 470 5 469
847 805 5 804
848 828 5 827
0 452 5 0
850 379 5 250
851 400 5 381
852 379 5 403
853 379 5 408
854 440 5 414
855 379 5 455
856 379 5 457
857 379 5 469
858 379 5 604
859 379 5 623
860 379 5 644
861 802 5 801
862 379 5 804
863 379 5 827
0 237 5 0
865 799 5 797
0 158 5 0
867 795 5 794
0 501 5 0
869 362 5 250
870 384 5 381
871 362 5 403
872 362 5 408
873 444 5 414
874 362 5 455
875 362 5 457
876 362 5 469
877 516 5 508
878 384 5 520
879 551 5 547
880 551 5 557
881 589 5 579
882 594 5 592
883 362 5 604
884 362 5 623
885 362 5 644
886 792 5 791
887 384 5 797
888 384 5 801
889 362 5 804
890 362 5 827
0 297 5 0
892 504 5 503
893 789 5 786
0 500 5 0
895 784 5 730
0 499 5 0
897 728 5 704
0 498 5 0
899 353 5 127
900 353 5 268
901 351 5 294
902 345 5 316
903 350 5 349
904 357 5 356
905 451 5 414
906 353 5 485
907 353 5 529
908 451 5 617
909 702 5 701
0 497 5 0
911 699 5 697
0 496 5 0
913 695 5 693
0 495 5 0
915 691 5 689
0 494 5 0
917 687 5 685
0 493 5 0
919 683 5 681
0 492 5 0
921 679 5 677
0 491 5 0
923 675 5 670
0 490 5 0
925 668 5 661
0 489 5 0
927 479 5 471
928 659 5 658
0 466 5 0
930 248 5 242
931 468 5 467
932 478 5 471
933 477 5 476
934 611 5 610
935 616 5 614
936 622 5 620
937 478 5 651
938 656 5 655
939 478 5 658
940 667 5 661
941 478 5 677
0 401 5 0
943 653 5 651
0 460 5 0
945 649 5 647
0 459 5 0
947 380 5 250
948 409 5 408
949 456 5 455
950 458 5 457
951 645 5 644
0 410 5 0
953 641 5 639
0 230 5 0
955 637 5 634
0 465 5 0
957 632 5 629
0 464 5 0
959 453 5 159
960 228 5 225
961 482 5 481
962 485 5 484
963 453 5 503
964 627 5 626
965 631 5 629
966 636 5 634
967 674 5 670
968 674 5 704
969 453 5 730
970 453 5 786
971 453 5 794
0 263 5 0
973 624 5 620
0 463 5 0
975 618 5 614
0 462 5 0
977 612 5 608
0 461 5 0
979 606 5 604
0 412 5 0
981 602 5 600
0 411 5 0
983 598 5 592
0 343 5 0
985 590 5 579
0 342 5 0
987 577 5 575
0 341 5 0
989 573 5 567
0 340 5 0
991 348 5 346
992 565 5 563
0 241 5 0
994 560 5 557
0 240 5 0
996 554 5 547
0 239 5 0
998 545 5 543
0 238 5 0
1000 541 5 540
0 361 5 0
1002 538 5 536
0 360 5 0
1004 534 5 532
0 359 5 0
1006 354 5 268
1007 530 5 529
0 486 5 0
1009 526 5 524
0 316 5 0
1011 522 5 520
0 295 5 0
1013 518 5 508
0 296 5 0
1015 488 5 485
0 506 5 0
1017 125 5 120
0 293 5 0
1019 118 5 113
0 292 5 0
1021 111 5 93
1022 344 5 316
1023 344 5 526
0 315 5 0
1025 91 5 88
0 110 5 0
1027 86 5 83
0 109 5 0
1029 81 5 78
0 108 5 0
1031 76 5 73
0 107 5 0
1033 71 5 68
0 106 5 0
1035 66 5 63
0 105 5 0
0 929 3 0 48
0 1012 3 0 83
0 864 3 0 12
0 946 3 0 53
0 1014 3 0 85

    1 1 38 8 _ERROR_.-1
    2 4 38 43 18 33 44 Module.1
    3 1 39 5 ^.-3
    4 1 40 5 :.-4
    5 1 41 6 %.-5
    6 1 42 7 '.-6
    7 1 43 40 NameDcl.46
    8 1 44 73 ?.22
    9 1 44 74 ?.22
   10 4 45 46 13 47 16 ObjectDescriptor.2
   11 0 46 _EMPTY_.3
   12 1 46 48 ?.-2
   13 1 47 49 Items.4
   14 3 47 47 20 49 +.4
   15 1 48 79 ?.28
   16 1 48 80 ?.28
   17 1 48 81 ?.28
   18 1 48 82 ?.28
   19 0 49 _EMPTY_.5
   20 1 49 50 ?.-2
   21 1 50 51 ?.6
   22 1 50 52 ?.6
   23 1 50 53 ?.6
   24 1 50 54 ?.6
   25 1 50 55 ?.6
   26 1 51 56 ?.7
   27 1 51 57 ?.7
   28 1 51 58 ?.7
   29 1 51 59 ?.7
   30 1 51 60 ?.7
   31 1 52 75 ?.26
   32 1 52 76 ?.26
   33 1 52 77 ?.26
   34 1 52 78 ?.26
   35 3 53 10 69 90 Property.41
   36 3 54 2 69 9 Slot.43
   37 1 55 14 Dots.44
   38 2 56 12 61 MandatoryParameter.8
   39 4 57 24 62 18 44 ReturnDatum.10
   40 1 58 61 OptionalParameter.9
   41 1 59 67 ?.15
   42 1 59 68 ?.15
   43 1 60 70 ?.18
   44 1 60 71 ?.18
   45 1 60 72 ?.18
   46 1 61 63 ?.11
   47 1 61 64 ?.11
   48 1 62 66 ?.0
   49 0 62 names.14
   50 3 63 62 27 44 VirtualDataItem.12
   51 4 64 26 62 27 65 VirtualPattern.13
   52 1 65 45 ?.25
   53 1 65 48 ?.25
   54 1 66 43 names.14
   55 3 66 66 23 43 *.14
   56 3 67 69 32 65 FurtherBinding.16
   57 3 68 69 22 65 FinalBinding.17
   58 1 69 39 NameApl.47
   59 3 70 62 18 44 LocalDataItemI.19
   60 3 71 62 18 52 LocalDataItemII.20
   61 4 72 26 62 18 45 LocalPattern.21
   62 1 73 65 ConstantKind.23
   63 2 74 34 65 VariableKind.24
   64 3 75 48 29 52 Assignment.27
   65 1 76 89 ?.38
   66 1 76 88 ?.38
   67 3 77 15 52 17 BracketedExp.40
   68 1 78 91 ?.45
   69 1 78 92 ?.45
   70 2 79 69 83 ObjectDenotation.29
   71 3 80 48 28 79 RemoteAttribute.34
   72 3 81 48 87 52 BinaryAttribute.35
   73 4 82 31 15 69 17 ThisObject.36
   74 0 83 _EMPTY_.30
   75 1 83 84 ?.-2
   76 1 84 85 ?.31
   77 3 85 15 86 17 FunctionalArgs.32
   78 1 86 52 exps.33
   79 3 86 86 23 52 +.33
   80 1 87 93 SpecialChars.50
   81 2 87 87 93 +.50
   82 1 88 45 SingularObjectInvocation.37
   83 1 89 48 AttributeDenotationX.39
   84 0 90 _EMPTY_.42
   85 1 90 86 ?.-2
   86 1 91 41 NumberLiteral.48
   87 1 92 42 StringLiteral.49
   88 1 93 94 ?.51
   89 1 93 95 ?.51
   90 1 93 96 ?.51
   91 1 93 97 ?.51
   92 1 93 98 ?.51
   93 1 93 99 ?.51
   94 1 94 21 Plus.52
   95 1 95 25 Minus.53
   96 1 96 19 Mult.54
   97 1 97 30 Divx.55
   98 1 98 35 Exl.56
   99 1 99 11 Amp.57
37 StartSymbol
1 -EOF-
2 <<
3 --
4 _EMPTY_
5 _NAME_
6 _KONST_
7 _STRING_
8 _ERROR_
9 >>
10 %
11 &
12 in
13 {
14 ...
15 (
16 }
17 )
18 :
19 *
20 ;
21 +
22 ::
23 ,
24 out
25 -
26 def
27 :<
28 .
29 :=
30 /
31 this
32 ::<
33 obj
34 var
35 !
36 "
 99 amp
 84 arguments
 83 argumentsopt
 75 assignment
 89 attributedenotationx
 81 binaryattribute
 77 bracketedexp
 59 binding
 48 attributedenotation
 78 constant
 73 constantkind
 97 divx
 98 exl
 55 dots
 90 expsopt
 86 exps
 85 functionalargs
 68 finalbinding
 76 invocation
 67 furtherbinding
 52 exp
 51 decl
 50 item
 49 itemopt
 72 localpattern
 71 localdataitemii
 70 localdataitemi
 60 localattribute
 95 minus
 56 mandatoryparameter
 47 items
 44 datakind
 41 const
 96 mult
 69 nameapl
 43 namedcl
 91 numberliteral
 79 objectdenotation
 66 namesMARKED
 62 names
 65 objectspecification
 94 plus
 58 optionalparameter
 80 remoteattribute
 88 singularobjectinvocation
 57 returndatum
 93 specialchar
 87 specialchars
 54 slot
 53 property
 45 objectdescriptor
 92 stringliteral
 82 thisobject
 74 variablekind
 64 virtualpattern
 63 virtualdataitem
 61 virtualattribute
 46 super
 42 string
 40 namedecl
 39 nameappl
 38 module
